name root-to-tip_var treelength bipartition
OG0005212.rooted.tre 0.00867853 2.03039 0.4583333333333333
OG0003447.rooted.tre 0.00709222 2.88814 0.4375
OG0003162.rooted.tre 0.00155432 2.55377 0.4166666666666667
OG0002846.rooted.tre 0.0379774 5.12067 0.3958333333333333
OG0004896.rooted.tre 0.0239751 6.66335 0.375
OG0003932.rooted.tre 0.00106899 3.09376 0.3541666666666667
OG0002084.rooted.tre 0.00632973 3.23623 0.3541666666666667
OG0002956.rooted.tre 0.0131529 4.56919 0.3541666666666667
OG0002075.rooted.tre 0.0160749 4.17327 0.3541666666666667
OG0002729.rooted.tre 0.00303969 2.19403 0.3333333333333333
OG0005972.rooted.tre 0.00440998 4.87545 0.3333333333333333
OG0006373.rooted.tre 0.016326 4.49328 0.3333333333333333
OG0003146.rooted.tre 0.0197423 5.84784 0.3333333333333333
OG0003524.rooted.tre 0.00274436 2.48779 0.3125
OG0001431.rooted.tre 0.00397614 1.97755 0.3125
