OG0009153.rooted.tre	0.0245618	2.53747	0.0625
OG0006097.rooted.tre	0.00711156	2.66433	0.0625
OG0001982.rooted.tre	0.000215888	0.49899	0.14583333333333334
OG0004759.rooted.tre	0.0271136	5.13285	0.1875
OG0004307.rooted.tre	0.0136671	4.45492	0.20833333333333334
OG0005433.rooted.tre	0.0243853	3.21037	0.14583333333333334
OG0006797.rooted.tre	0.00828069	2.5371	0.1875
OG0009258.rooted.tre	0.0156688	2.14144	0.08333333333333333
OG0007811.rooted.tre	0.0696767	5.07918	0.0625
OG0007180.rooted.tre	0.0119658	2.55611	0.0625
OG0006363.rooted.tre	0.0159175	5.60576	0.0625
OG0007302.rooted.tre	0.0414685	2.82558	0.14583333333333334
OG0007216.rooted.tre	0.00750117	1.34251	0.0625
OG0002074.rooted.tre	0.0112316	2.15925	0.25
OG0007435.rooted.tre	0.00198345	1.7039	0.08333333333333333
OG0005092.rooted.tre	0.00493279	2.01093	0.10416666666666667
OG0003154.rooted.tre	0.000523086	1.09581	0.16666666666666666
OG0004027.rooted.tre	0.0236542	3.55224	0.22916666666666666
OG0004010.rooted.tre	0.00639132	3.36697	0.2916666666666667
OG0004772.rooted.tre	0.0300751	2.93354	0.10416666666666667
OG0009226.rooted.tre	0.00299418	3.75216	0.041666666666666664
OG0000571.rooted.tre	0.00274146	1.17544	0.08333333333333333
OG0007788.rooted.tre	0.0185284	2.78009	0.0625
OG0003932.rooted.tre	0.00106899	3.09376	0.3541666666666667
OG0005607.rooted.tre	0.00338583	1.34591	0.22916666666666666
OG0004104.rooted.tre	0.00595553	4.06055	0.25
OG0009450.rooted.tre	0.00756285	2.3224	0.0625
OG0005024.rooted.tre	0.0041195	1.91529	0.10416666666666667
OG0003844.rooted.tre	0.00816845	2.53736	0.1875
OG0009526.rooted.tre	0.00116456	0.812744	0.041666666666666664
OG0005896.rooted.tre	0.00909795	2.62726	0.041666666666666664
OG0001304.rooted.tre	0.00173885	0.840491	0.0
OG0008453.rooted.tre	0.0143357	0.894427	0.10416666666666667
OG0003521.rooted.tre	0.00124991	1.19172	0.1875
OG0006016.rooted.tre	0.00446044	1.2643	0.041666666666666664
OG0009687.rooted.tre	0.0151497	1.12715	0.08333333333333333
OG0006987.rooted.tre	0.000180985	0.2129	0.08333333333333333
OG0007715.rooted.tre	0.0100975	1.58542	0.16666666666666666
OG0007568.rooted.tre	0.061443	3.75923	0.0
OG0007077.rooted.tre	0.00193109	1.30066	0.14583333333333334
OG0007329.rooted.tre	0.00245166	2.95725	0.10416666666666667
OG0009960.rooted.tre	0.0209144	2.57801	0.041666666666666664
OG0003221.rooted.tre	0.00326561	2.67655	0.22916666666666666
OG0006209.rooted.tre	0.00299256	1.78705	0.10416666666666667
OG0009816.rooted.tre	0.0452969	3.64268	0.125
OG0007984.rooted.tre	0.136068	2.25857	0.041666666666666664
OG0002277.rooted.tre	0.0075811	1.16247	0.10416666666666667
OG0006635.rooted.tre	0.0279658	4.77628	0.10416666666666667
OG0005928.rooted.tre	0.0594657	2.06909	0.020833333333333332
OG0001947.rooted.tre	0.0132269	1.9903	0.08333333333333333
OG0005580.rooted.tre	0.184394	2.84279	0.0
OG0006707.rooted.tre	0.0111297	1.30138	0.08333333333333333
OG0003207.rooted.tre	0.00138688	1.98353	0.20833333333333334
OG0008851.rooted.tre	0.0116812	2.05904	0.0625
OG0007033.rooted.tre	0.170518	5.88113	0.125
OG0001925.rooted.tre	0.00488776	1.10234	0.041666666666666664
OG0002310.rooted.tre	0.00101192	1.21795	0.25
OG0006359.rooted.tre	0.00408457	2.99675	0.1875
OG0007066.rooted.tre	0.00452925	1.88181	0.0625
OG0003265.rooted.tre	0.0190659	3.00957	0.14583333333333334
OG0008320.rooted.tre	0.0377744	3.97462	0.0625
OG0005674.rooted.tre	0.0347715	2.52371	0.020833333333333332
OG0005887.rooted.tre	0.253343	5.34547	0.020833333333333332
OG0009669.rooted.tre	0.00942168	1.45953	0.041666666666666664
OG0003785.rooted.tre	0.00181606	1.82936	0.2708333333333333
OG0005993.rooted.tre	0.0430784	2.20923	0.0
OG0003855.rooted.tre	0.0149704	4.5136	0.20833333333333334
OG0000748.rooted.tre	0.00885225	2.96232	0.041666666666666664
OG0002803.rooted.tre	0.0317746	3.70166	0.16666666666666666
OG0004884.rooted.tre	0.00130919	1.33249	0.125
OG0003914.rooted.tre	0.017706	1.36584	0.020833333333333332
OG0005702.rooted.tre	0.000879098	1.65159	0.25
OG0008534.rooted.tre	0.0124028	2.94698	0.041666666666666664
OG0009237.rooted.tre	0.00166022	0.386022	0.10416666666666667
OG0005548.rooted.tre	0.00239078	1.4698	0.125
OG0002692.rooted.tre	0.0327566	2.98668	0.08333333333333333
OG0006551.rooted.tre	0.0274513	2.62956	0.1875
OG0005488.rooted.tre	0.0122271	1.92554	0.10416666666666667
OG0001878.rooted.tre	0.000580404	1.0645	0.22916666666666666
OG0003704.rooted.tre	0.00189433	0.872416	0.125
OG0003066.rooted.tre	0.0370733	3.23193	0.041666666666666664
OG0002359.rooted.tre	0.201865	2.81643	0.020833333333333332
OG0005083.rooted.tre	0.0091384	2.93032	0.041666666666666664
OG0006251.rooted.tre	0.0373302	2.97493	0.0625
OG0004805.rooted.tre	0.000634544	1.26537	0.20833333333333334
OG0002052.rooted.tre	0.0337308	2.19401	0.10416666666666667
OG0006138.rooted.tre	0.0101	1.19012	0.125
OG0000283.rooted.tre	0.0200857	3.08578	0.125
OG0003881.rooted.tre	0.0872854	3.2707	0.08333333333333333
OG0007800.rooted.tre	0.101111	6.7471	0.08333333333333333
OG0006692.rooted.tre	0.547666	10.471	0.0
OG0004202.rooted.tre	0.00114117	0.854723	0.10416666666666667
OG0005501.rooted.tre	0.000435066	0.692387	0.020833333333333332
OG0004560.rooted.tre	0.104771	3.03682	0.10416666666666667
OG0008176.rooted.tre	0.0203527	1.70184	0.041666666666666664
OG0006975.rooted.tre	0.00966141	1.49651	0.125
OG0003286.rooted.tre	0.0211051	2.01129	0.020833333333333332
OG0002585.rooted.tre	0.0153165	2.86135	0.14583333333333334
OG0005377.rooted.tre	0.00936796	3.57576	0.22916666666666666
OG0007923.rooted.tre	0.00219717	3.03644	0.125
OG0001309.rooted.tre	0.0223002	3.06402	0.10416666666666667
OG0005563.rooted.tre	0.0352957	5.06332	0.25
OG0005440.rooted.tre	0.00224494	1.12127	0.041666666666666664
OG0009620.rooted.tre	0.0511276	4.04891	0.0625
OG0005315.rooted.tre	0.00122075	1.12559	0.14583333333333334
OG0007819.rooted.tre	0.0218584	4.04762	0.10416666666666667
OG0004627.rooted.tre	0.0660794	2.21954	0.0
OG0003944.rooted.tre	0.0173189	3.109	0.08333333333333333
OG0005113.rooted.tre	0.00211494	2.35986	0.1875
OG0001251.rooted.tre	0.0118597	0.819174	0.10416666666666667
OG0007688.rooted.tre	0.0315939	3.13955	0.08333333333333333
OG0005218.rooted.tre	0.00847398	1.50851	0.08333333333333333
OG0004995.rooted.tre	0.0604594	2.39526	0.08333333333333333
OG0004279.rooted.tre	0.000169568	0.734542	0.08333333333333333
OG0004127.rooted.tre	0.102713	4.98798	0.08333333333333333
OG0004645.rooted.tre	0.00841051	4.347	0.14583333333333334
OG0009311.rooted.tre	0.0232288	1.78777	0.041666666666666664
OG0004881.rooted.tre	0.00370399	1.6958	0.20833333333333334
OG0004110.rooted.tre	0.0295817	3.62312	0.125
OG0002029.rooted.tre	0.0158769	4.89782	0.041666666666666664
OG0002501.rooted.tre	0.00168047	1.30216	0.0625
OG0009921.rooted.tre	0.016967	1.90995	0.0625
OG0006143.rooted.tre	0.020706	2.95385	0.10416666666666667
OG0001942.rooted.tre	0.0105591	2.16501	0.0
OG0000691.rooted.tre	0.0255393	3.10912	0.125
OG0006248.rooted.tre	0.0115807	2.60005	0.16666666666666666
OG0007054.rooted.tre	0.0047392	1.69177	0.10416666666666667
OG0001192.rooted.tre	0.00941446	2.75139	0.14583333333333334
OG0002729.rooted.tre	0.00303969	2.19403	0.3333333333333333
OG0006674.rooted.tre	0.00497498	0.821162	0.125
OG0009787.rooted.tre	0.00178614	1.04215	0.0625
OG0003898.rooted.tre	0.0356627	1.46588	0.041666666666666664
OG0004471.rooted.tre	0.0554281	2.55267	0.08333333333333333
OG0007926.rooted.tre	0.0159966	2.77319	0.041666666666666664
OG0008611.rooted.tre	0.00126496	0.218972	0.0
OG0008050.rooted.tre	0.00103009	1.03217	0.08333333333333333
OG0005504.rooted.tre	0.049348	4.51294	0.2708333333333333
OG0004207.rooted.tre	0.00566145	2.01875	0.125
OG0011083.rooted.tre	0.00393782	0.96885	0.0625
OG0007832.rooted.tre	0.00682141	2.24276	0.10416666666666667
OG0007805.rooted.tre	0.0121096	2.51695	0.16666666666666666
OG0001882.rooted.tre	0.0287999	2.72391	0.0625
OG0004413.rooted.tre	0.00261773	1.25845	0.0625
OG0004424.rooted.tre	0.238556	2.75634	0.041666666666666664
OG0000338.rooted.tre	0.0129042	2.06503	0.14583333333333334
OG0005445.rooted.tre	0.00140232	2.87596	0.125
OG0004659.rooted.tre	0.0690934	2.62471	0.1875
OG0004989.rooted.tre	0.0100188	5.03096	0.08333333333333333
OG0001518.rooted.tre	0.00226871	0.646964	0.0
OG0005204.rooted.tre	0.00979405	3.13508	0.25
OG0001765.rooted.tre	0.000160037	0.806824	0.08333333333333333
OG0005566.rooted.tre	0.000807762	1.26523	0.20833333333333334
OG0006488.rooted.tre	0.00120174	1.20029	0.10416666666666667
OG0007694.rooted.tre	0.00292895	0.70609	0.041666666666666664
OG0005551.rooted.tre	0.0605586	4.16726	0.0
OG0003188.rooted.tre	0.203319	5.39331	0.0
OG0008005.rooted.tre	0.0919759	2.58947	0.0625
OG0002674.rooted.tre	0.00139048	1.44265	0.10416666666666667
OG0003615.rooted.tre	0.00439655	2.56078	0.10416666666666667
OG0004691.rooted.tre	0.0098354	2.17785	0.020833333333333332
OG0005803.rooted.tre	0.00843074	2.73107	0.041666666666666664
OG0004862.rooted.tre	0.00229605	2.15403	0.2708333333333333
OG0006668.rooted.tre	0.0662111	3.95269	0.22916666666666666
OG0003677.rooted.tre	0.0110391	5.03409	0.25
OG0004800.rooted.tre	0.00236657	0.738241	0.0
OG0003036.rooted.tre	0.00159305	1.96087	0.08333333333333333
OG0006245.rooted.tre	0.0275981	2.833	0.14583333333333334
OG0003027.rooted.tre	0.00915764	6.02247	0.25
OG0002713.rooted.tre	0.00128005	1.42402	0.14583333333333334
OG0006510.rooted.tre	0.0088742	1.41636	0.0625
OG0006272.rooted.tre	0.0308183	3.41231	0.14583333333333334
OG0002630.rooted.tre	0.00245176	2.53628	0.22916666666666666
OG0007465.rooted.tre	0.00607548	5.34117	0.125
OG0009295.rooted.tre	0.00837484	4.01081	0.10416666666666667
OG0002318.rooted.tre	0.00770242	2.94157	0.16666666666666666
OG0006545.rooted.tre	0.136162	5.9039	0.125
OG0004680.rooted.tre	0.00661942	1.00398	0.10416666666666667
OG0010307.rooted.tre	0.00138237	0.783226	0.125
OG0004967.rooted.tre	0.0202864	5.12528	0.1875
OG0006451.rooted.tre	0.0145829	2.37843	0.14583333333333334
OG0003166.rooted.tre	0.00813386	0.885228	0.125
OG0003486.rooted.tre	0.1201	2.51195	0.125
OG0003808.rooted.tre	0.00526013	3.5917	0.20833333333333334
OG0001774.rooted.tre	0.00235531	2.87423	0.20833333333333334
OG0005336.rooted.tre	0.0219222	2.46373	0.0625
OG0008662.rooted.tre	0.0558394	2.82711	0.0
OG0004648.rooted.tre	0.0129925	3.53971	0.16666666666666666
OG0001102.rooted.tre	0.114488	3.77464	0.14583333333333334
OG0003386.rooted.tre	0.00492432	1.47326	0.16666666666666666
OG0008076.rooted.tre	0.0103353	3.08438	0.08333333333333333
OG0004221.rooted.tre	0.00357263	1.08114	0.14583333333333334
OG0005515.rooted.tre	0.0348108	1.24915	0.0625
OG0009661.rooted.tre	0.0032449	1.42551	0.08333333333333333
OG0005129.rooted.tre	0.00106578	0.239316	0.020833333333333332
OG0008162.rooted.tre	0.000293511	0.507407	0.020833333333333332
OG0004460.rooted.tre	0.000299958	0.391417	0.08333333333333333
OG0003365.rooted.tre	0.00188735	1.26788	0.10416666666666667
OG0006107.rooted.tre	0.028861	2.70679	0.20833333333333334
OG0003118.rooted.tre	0.00567328	1.60013	0.22916666666666666
OG0006418.rooted.tre	0.0397321	3.93381	0.08333333333333333
OG0005978.rooted.tre	0.103195	4.17651	0.125
OG0007151.rooted.tre	0.00529333	1.35247	0.10416666666666667
OG0006013.rooted.tre	0.0142625	2.80244	0.25
OG0001183.rooted.tre	0.0104747	2.72864	0.0
OG0003246.rooted.tre	0.0016428	1.55855	0.125
OG0003524.rooted.tre	0.00274436	2.48779	0.3125
OG0002679.rooted.tre	0.0135765	5.50761	0.25
OG0006318.rooted.tre	0.0367678	3.53328	0.1875
OG0003452.rooted.tre	0.00882422	3.93107	0.20833333333333334
OG0008951.rooted.tre	0.000119488	0.312682	0.020833333333333332
OG0009813.rooted.tre	0.00132505	0.720704	0.125
OG0004663.rooted.tre	0.00533363	2.21362	0.125
OG0004101.rooted.tre	0.158543	5.29103	0.14583333333333334
OG0002956.rooted.tre	0.0131529	4.56919	0.3541666666666667
OG0003900.rooted.tre	0.00984353	1.27419	0.16666666666666666
OG0002792.rooted.tre	0.0422638	3.3751	0.041666666666666664
OG0005448.rooted.tre	0.0547951	4.25569	0.16666666666666666
OG0003091.rooted.tre	0.00179293	1.29832	0.125
OG0006591.rooted.tre	0.00132207	2.43159	0.10416666666666667
OG0004984.rooted.tre	0.0188962	1.24291	0.10416666666666667
OG0001768.rooted.tre	0.0495248	5.65005	0.3125
OG0004777.rooted.tre	0.101492	5.77232	0.125
OG0004740.rooted.tre	0.00182884	3.32168	0.16666666666666666
OG0004022.rooted.tre	0.0123112	4.09214	0.2916666666666667
OG0005721.rooted.tre	0.0133467	1.58085	0.041666666666666664
OG0005893.rooted.tre	0.00345752	0.506987	0.041666666666666664
OG0005073.rooted.tre	0.00401188	0.993042	0.14583333333333334
OG0002681.rooted.tre	0.0115067	3.23973	0.25
OG0002951.rooted.tre	0.000341512	1.22873	0.0625
OG0009452.rooted.tre	0.0067819	3.07311	0.10416666666666667
OG0005605.rooted.tre	0.00833733	1.71812	0.041666666666666664
OG0001431.rooted.tre	0.00397614	1.97755	0.3125
OG0005773.rooted.tre	0.14903	3.06634	0.14583333333333334
OG0009246.rooted.tre	0.00353339	1.06732	0.08333333333333333
OG0008179.rooted.tre	0.0135232	2.34354	0.0625
OG0007720.rooted.tre	0.0131732	2.91917	0.14583333333333334
OG0007042.rooted.tre	0.0044899	2.0346	0.14583333333333334
OG0006569.rooted.tre	0.00670237	1.56227	0.020833333333333332
OG0007775.rooted.tre	0.00220315	2.84461	0.0625
OG0002275.rooted.tre	0.00174977	2.43278	0.16666666666666666
OG0002999.rooted.tre	0.0734009	4.09161	0.0625
OG0005198.rooted.tre	0.00668691	2.43515	0.10416666666666667
OG0003300.rooted.tre	0.0060887	2.25651	0.25
OG0007661.rooted.tre	0.0162675	4.9722	0.0625
OG0001790.rooted.tre	0.0052201	2.21899	0.14583333333333334
OG0006637.rooted.tre	0.182941	5.86918	0.08333333333333333
OG0004350.rooted.tre	0.013433	2.72621	0.08333333333333333
OG0007289.rooted.tre	0.00385143	1.51834	0.08333333333333333
OG0004678.rooted.tre	0.01084	1.18265	0.0625
OG0001539.rooted.tre	0.0251825	2.93589	0.1875
OG0000725.rooted.tre	0.000710672	1.0526	0.14583333333333334
OG0006810.rooted.tre	0.00507496	2.58982	0.125
OG0008013.rooted.tre	0.00898681	1.42227	0.16666666666666666
OG0005212.rooted.tre	0.00867853	2.03039	0.4583333333333333
OG0001632.rooted.tre	0.0101418	1.83322	0.20833333333333334
OG0008165.rooted.tre	0.00874557	2.28829	0.0625
OG0006951.rooted.tre	0.00207292	2.65357	0.20833333333333334
OG0005247.rooted.tre	0.000166898	0.396005	0.08333333333333333
OG0002482.rooted.tre	0.00212719	1.78547	0.08333333333333333
OG0000258.rooted.tre	0.0729988	6.7721	0.125
OG0006681.rooted.tre	0.0167052	2.24002	0.08333333333333333
OG0003381.rooted.tre	0.0116137	3.70914	0.020833333333333332
OG0008724.rooted.tre	0.0307815	2.70185	0.020833333333333332
OG0004211.rooted.tre	0.0118497	2.78085	0.0625
OG0006649.rooted.tre	0.000275704	1.98206	0.125
OG0004093.rooted.tre	0.00216625	1.31204	0.1875
OG0007300.rooted.tre	0.031351	4.03641	0.08333333333333333
OG0001487.rooted.tre	0.0230909	2.67574	0.08333333333333333
OG0003508.rooted.tre	0.00953524	1.97991	0.10416666666666667
OG0006999.rooted.tre	0.0193274	3.41819	0.10416666666666667
OG0004793.rooted.tre	0.0116432	2.31118	0.08333333333333333
OG0003156.rooted.tre	0.00756436	3.58577	0.22916666666666666
OG0002428.rooted.tre	0.00516918	1.5032	0.08333333333333333
OG0003634.rooted.tre	0.0249358	3.55909	0.20833333333333334
OG0002137.rooted.tre	0.00157344	0.815017	0.0
OG0002891.rooted.tre	0.00458409	2.07758	0.14583333333333334
OG0001698.rooted.tre	0.00414474	3.29863	0.125
OG0010462.rooted.tre	0.0123951	2.06176	0.10416666666666667
OG0002269.rooted.tre	0.0105773	3.49186	0.14583333333333334
OG0006217.rooted.tre	0.0228327	2.88322	0.2708333333333333
OG0002278.rooted.tre	0.00365013	1.3173	0.10416666666666667
OG0006719.rooted.tre	0.0104794	2.02473	0.0625
OG0005927.rooted.tre	0.00600093	1.65338	0.08333333333333333
OG0002673.rooted.tre	0.0048234	1.84582	0.25
OG0003458.rooted.tre	0.0133175	3.63219	0.125
OG0002439.rooted.tre	0.00596929	3.65054	0.125
OG0006019.rooted.tre	0.00759667	0.897827	0.041666666666666664
OG0003519.rooted.tre	0.00466846	4.59847	0.25
OG0007311.rooted.tre	0.000452497	0.422919	0.041666666666666664
OG0005972.rooted.tre	0.00440998	4.87545	0.3333333333333333
OG0007326.rooted.tre	0.00387778	2.61295	0.10416666666666667
OG0004555.rooted.tre	0.0053586	1.40383	0.08333333333333333
OG0004314.rooted.tre	0.0559227	4.66437	0.20833333333333334
OG0000886.rooted.tre	0.0057736	2.38398	0.14583333333333334
OG0006940.rooted.tre	0.00389017	2.91688	0.08333333333333333
OG0005420.rooted.tre	0.0532179	2.67765	0.020833333333333332
OG0006836.rooted.tre	0.00293066	0.98936	0.0625
OG0004500.rooted.tre	0.0059754	1.86287	0.0
OG0004669.rooted.tre	0.101563	4.8054	0.10416666666666667
OG0005475.rooted.tre	0.0604376	5.51793	0.14583333333333334
OG0003444.rooted.tre	0.00211742	0.459918	0.0
OG0003639.rooted.tre	0.0306547	3.86946	0.22916666666666666
OG0009911.rooted.tre	0.00357733	1.06695	0.0625
OG0002264.rooted.tre	0.194306	3.62484	0.020833333333333332
OG0008864.rooted.tre	0.0037043	1.66564	0.041666666666666664
OG0002158.rooted.tre	0.0586205	2.06253	0.08333333333333333
OG0006111.rooted.tre	0.0106138	8.10002	0.16666666666666666
OG0007170.rooted.tre	0.00104604	1.35197	0.10416666666666667
OG0001927.rooted.tre	0.00754196	2.54329	0.125
OG0005396.rooted.tre	0.000227001	0.323245	0.08333333333333333
OG0007064.rooted.tre	0.00227512	1.12958	0.08333333333333333
OG0002206.rooted.tre	0.0102305	3.78943	0.14583333333333334
OG0008315.rooted.tre	0.00209694	1.33644	0.041666666666666664
OG0002084.rooted.tre	0.00632973	3.23623	0.3541666666666667
OG0006798.rooted.tre	0.00746473	2.85492	0.1875
OG0003787.rooted.tre	0.000341151	0.597858	0.125
OG0005114.rooted.tre	0.0197623	1.52903	0.020833333333333332
OG0004549.rooted.tre	0.00857391	2.26428	0.22916666666666666
OG0003857.rooted.tre	0.00233079	3.68428	0.0625
OG0004642.rooted.tre	0.00726105	1.52361	0.125
OG0003916.rooted.tre	0.0258749	2.07233	0.22916666666666666
OG0003598.rooted.tre	0.00158281	1.61491	0.25
OG0007968.rooted.tre	0.00379063	2.68599	0.14583333333333334
OG0003921.rooted.tre	0.00718769	3.31724	0.22916666666666666
OG0004034.rooted.tre	0.0144723	2.64862	0.041666666666666664
OG0000200.rooted.tre	0.00141419	0.592181	0.125
OG0004992.rooted.tre	0.00565039	1.93266	0.1875
OG0001144.rooted.tre	0.00111701	0.645115	0.08333333333333333
OG0002582.rooted.tre	0.00102707	0.816936	0.14583333333333334
OG0001339.rooted.tre	0.00236424	1.38792	0.1875
OG0001611.rooted.tre	0.00482716	1.15031	0.041666666666666664
OG0007489.rooted.tre	0.00523784	1.8834	0.1875
OG0004567.rooted.tre	0.00921411	2.44649	0.22916666666666666
OG0000764.rooted.tre	0.0148582	1.49066	0.0625
OG0004078.rooted.tre	0.000911091	1.54584	0.10416666666666667
OG0008052.rooted.tre	0.0264214	4.24881	0.08333333333333333
OG0004426.rooted.tre	0.0322538	4.04775	0.08333333333333333
OG0004411.rooted.tre	0.00117568	0.565945	0.0
OG0002959.rooted.tre	0.0260091	1.37584	0.0
OG0005206.rooted.tre	0.000797909	0.967051	0.08333333333333333
OG0003061.rooted.tre	0.060676	1.99746	0.10416666666666667
OG0002141.rooted.tre	0.0349327	3.96958	0.0
OG0009286.rooted.tre	0.0731819	3.06293	0.041666666666666664
OG0008585.rooted.tre	0.00839914	1.26224	0.020833333333333332
OG0006108.rooted.tre	0.0262059	1.18943	0.041666666666666664
OG0007728.rooted.tre	0.00156171	1.00678	0.08333333333333333
OG0006749.rooted.tre	0.0296718	3.25444	0.14583333333333334
OG0003249.rooted.tre	0.00648236	2.22649	0.125
OG0005690.rooted.tre	0.0085909	1.35362	0.0625
OG0005854.rooted.tre	0.0210924	2.90386	0.20833333333333334
OG0005994.rooted.tre	0.00130096	1.78648	0.25
OG0005111.rooted.tre	0.0725704	4.14361	0.0625
OG0006959.rooted.tre	0.0388972	6.1571	0.10416666666666667
OG0004458.rooted.tre	0.00236952	2.53888	0.14583333333333334
OG0002081.rooted.tre	0.00288382	1.65649	0.25
OG0005439.rooted.tre	0.00623554	2.32969	0.08333333333333333
OG0005126.rooted.tre	0.00643362	3.81803	0.1875
OG0003830.rooted.tre	0.0140587	2.71603	0.22916666666666666
OG0001253.rooted.tre	0.0546202	4.60401	0.0
OG0009446.rooted.tre	0.08203	4.18295	0.08333333333333333
OG0004112.rooted.tre	0.00599883	1.44007	0.041666666666666664
OG0008345.rooted.tre	0.00184773	1.40185	0.16666666666666666
OG0004883.rooted.tre	0.125878	6.50405	0.1875
OG0008138.rooted.tre	0.00400353	4.92014	0.22916666666666666
OG0005626.rooted.tre	0.00578481	1.00141	0.10416666666666667
OG0003562.rooted.tre	0.00474266	2.04441	0.125
OG0002261.rooted.tre	0.0166028	2.40379	0.08333333333333333
OG0007003.rooted.tre	0.00788742	1.33004	0.0
OG0006228.rooted.tre	0.002392	1.86825	0.16666666666666666
OG0007034.rooted.tre	0.0123622	2.44031	0.08333333333333333
OG0003237.rooted.tre	0.00809896	2.02455	0.0625
OG0005493.rooted.tre	0.00352813	0.90519	0.0625
OG0002256.rooted.tre	0.00908582	2.85832	0.125
OG0002608.rooted.tre	0.000888845	1.38763	0.2916666666666667
OG0008917.rooted.tre	0.0104677	5.3256	0.020833333333333332
OG0002317.rooted.tre	0.000488698	0.194836	0.020833333333333332
OG0007175.rooted.tre	0.00627751	2.16506	0.0625
OG0005798.rooted.tre	0.0376564	2.39958	0.125
OG0004584.rooted.tre	0.00627462	2.92897	0.20833333333333334
OG0000974.rooted.tre	0.0216378	3.1629	0.14583333333333334
OG0002453.rooted.tre	0.00193157	0.719493	0.020833333333333332
OG0003367.rooted.tre	0.00469512	1.85457	0.16666666666666666
OG0003039.rooted.tre	0.0193528	1.4739	0.0625
OG0001827.rooted.tre	0.0302049	4.09569	0.10416666666666667
OG0002431.rooted.tre	0.00326952	2.24002	0.08333333333333333
OG0007131.rooted.tre	0.115065	5.31122	0.16666666666666666
OG0006632.rooted.tre	0.00690904	2.84514	0.14583333333333334
OG0010725.rooted.tre	0.00845153	3.53667	0.020833333333333332
OG0007106.rooted.tre	0.00205259	0.527121	0.020833333333333332
OG0007025.rooted.tre	0.181169	3.63013	0.0
OG0006044.rooted.tre	0.0646474	2.21178	0.041666666666666664
OG0004381.rooted.tre	0.0148747	4.38503	0.20833333333333334
OG0002758.rooted.tre	0.000804412	1.71415	0.16666666666666666
OG0003544.rooted.tre	0.0100496	2.01555	0.020833333333333332
OG0003093.rooted.tre	0.00967827	1.34302	0.0625
OG0004656.rooted.tre	0.00487294	1.25747	0.0
OG0002790.rooted.tre	0.00497171	0.944517	0.10416666666666667
OG0004103.rooted.tre	0.00579101	2.42471	0.125
OG0001403.rooted.tre	0.0524464	4.68747	0.041666666666666664
OG0001520.rooted.tre	0.00410923	0.741088	0.08333333333333333
OG0006487.rooted.tre	0.0336431	3.53812	0.10416666666666667
OG0001275.rooted.tre	0.00599324	2.55334	0.041666666666666664
OG0004017.rooted.tre	0.000961898	0.363696	0.10416666666666667
OG0005714.rooted.tre	0.00796165	1.99139	0.20833333333333334
OG0004449.rooted.tre	0.0332942	3.51833	0.10416666666666667
OG0001303.rooted.tre	0.000570561	0.219157	0.0
OG0005662.rooted.tre	0.00460491	1.45289	0.25
OG0003687.rooted.tre	0.0109231	1.47479	0.08333333333333333
OG0008540.rooted.tre	0.0328803	3.57497	0.125
OG0005985.rooted.tre	0.00098448	0.553247	0.041666666666666664
OG0002726.rooted.tre	0.0708961	4.64958	0.1875
OG0002239.rooted.tre	0.0262044	2.14039	0.08333333333333333
OG0009788.rooted.tre	0.0258786	2.89569	0.1875
OG0006119.rooted.tre	0.00266656	1.97956	0.125
OG0004930.rooted.tre	0.00183793	1.73633	0.14583333333333334
OG0003131.rooted.tre	0.00108445	0.487436	0.25
OG0002980.rooted.tre	0.0106103	3.44219	0.22916666666666666
OG0010467.rooted.tre	0.183072	5.52328	0.020833333333333332
OG0006058.rooted.tre	0.00371449	1.74831	0.08333333333333333
OG0003606.rooted.tre	0.00957292	2.04351	0.125
OG0002105.rooted.tre	0.00604535	2.56978	0.1875
OG0002667.rooted.tre	0.00653129	2.21189	0.1875
OG0004796.rooted.tre	0.0242478	4.11538	0.125
OG0006453.rooted.tre	0.000556178	0.665206	0.10416666666666667
OG0007432.rooted.tre	0.00328103	3.80043	0.20833333333333334
OG0004276.rooted.tre	0.000209432	0.124926	0.041666666666666664
OG0004769.rooted.tre	0.0020774	1.02052	0.14583333333333334
OG0007843.rooted.tre	0.0285993	3.95154	0.08333333333333333
OG0001014.rooted.tre	0.00536792	1.50716	0.10416666666666667
OG0008016.rooted.tre	0.00618275	2.07905	0.020833333333333332
OG0005461.rooted.tre	0.0222456	1.75232	0.10416666666666667
OG0006936.rooted.tre	0.00137078	1.74254	0.125
OG0005008.rooted.tre	0.0438163	4.98997	0.08333333333333333
OG0003384.rooted.tre	0.00357473	1.61062	0.0625
OG0010687.rooted.tre	0.0501052	1.88721	0.041666666666666664
OG0005361.rooted.tre	0.00144807	0.661573	0.0625
OG0006963.rooted.tre	0.00326781	1.69185	0.10416666666666667
OG0001857.rooted.tre	0.00443923	2.87558	0.2916666666666667
OG0006003.rooted.tre	0.0175761	2.55312	0.041666666666666664
OG0003108.rooted.tre	0.0769518	2.84253	0.041666666666666664
OG0003375.rooted.tre	0.425767	8.26445	0.041666666666666664
OG0002169.rooted.tre	0.00619612	3.75143	0.16666666666666666
OG0007176.rooted.tre	0.00180045	1.56024	0.14583333333333334
OG0002476.rooted.tre	0.112517	5.47606	0.125
OG0003866.rooted.tre	0.0110017	2.291	0.25
OG0007818.rooted.tre	0.0035764	1.72846	0.041666666666666664
OG0005006.rooted.tre	0.00106587	1.58149	0.22916666666666666
OG0008313.rooted.tre	0.110336	4.94426	0.020833333333333332
OG0007396.rooted.tre	0.0131039	2.15448	0.16666666666666666
OG0004767.rooted.tre	0.00576303	2.13008	0.0625
OG0007282.rooted.tre	0.0988668	3.21716	0.20833333333333334
OG0009310.rooted.tre	0.120783	5.13048	0.041666666666666664
OG0008371.rooted.tre	0.00123923	0.758414	0.14583333333333334
OG0004111.rooted.tre	0.00107839	1.25762	0.16666666666666666
OG0002946.rooted.tre	0.013972	2.38053	0.0625
OG0008659.rooted.tre	0.137827	11.8016	0.125
OG0003614.rooted.tre	0.00531946	1.38063	0.125
OG0005087.rooted.tre	0.0168925	3.68628	0.08333333333333333
OG0003062.rooted.tre	0.00464807	2.79362	0.1875
OG0006200.rooted.tre	0.00875181	1.22396	0.0625
OG0002249.rooted.tre	0.0095205	1.13634	0.0
OG0005802.rooted.tre	0.0320238	2.41456	0.020833333333333332
OG0002308.rooted.tre	0.00292616	1.34383	0.16666666666666666
OG0004915.rooted.tre	0.097613	3.25249	0.0625
OG0004836.rooted.tre	0.0367279	3.27748	0.08333333333333333
OG0003528.rooted.tre	0.132524	4.94478	0.0
OG0002938.rooted.tre	0.0930856	5.08903	0.0625
OG0006782.rooted.tre	0.0355164	4.80117	0.125
OG0003282.rooted.tre	0.00412307	1.04072	0.08333333333333333
OG0004447.rooted.tre	0.0126486	6.41057	0.25
OG0004158.rooted.tre	0.0306122	2.57254	0.0625
OG0005344.rooted.tre	0.00267693	1.19583	0.10416666666666667
OG0007833.rooted.tre	0.00070548	0.945948	0.10416666666666667
OG0004206.rooted.tre	0.00271609	1.14921	0.16666666666666666
OG0001053.rooted.tre	0.00908762	2.26597	0.020833333333333332
OG0004370.rooted.tre	0.00654217	2.11304	0.1875
OG0005639.rooted.tre	0.00483227	1.89212	0.020833333333333332
OG0005567.rooted.tre	0.00745695	1.54907	0.10416666666666667
OG0008751.rooted.tre	0.0265103	3.27209	0.10416666666666667
OG0007851.rooted.tre	0.00437769	0.759441	0.125
OG0005550.rooted.tre	0.117432	6.16201	0.125
OG0006807.rooted.tre	0.00329309	0.992424	0.020833333333333332
OG0004520.rooted.tre	0.0021054	1.55099	0.1875
OG0008015.rooted.tre	0.0187625	2.77087	0.16666666666666666
OG0007684.rooted.tre	0.0151706	1.94865	0.10416666666666667
OG0004275.rooted.tre	0.000775044	1.61736	0.22916666666666666
OG0005628.rooted.tre	0.00586247	0.638683	0.0625
OG0003698.rooted.tre	0.00943763	2.6052	0.10416666666666667
OG0006398.rooted.tre	0.000981661	0.70431	0.0625
OG0005769.rooted.tre	0.0102801	2.41392	0.0625
OG0002590.rooted.tre	0.00345504	1.43995	0.10416666666666667
OG0005355.rooted.tre	0.0107134	4.08416	0.10416666666666667
OG0004456.rooted.tre	0.0443337	7.83752	0.25
OG0001634.rooted.tre	0.00575296	3.8557	0.2916666666666667
OG0005400.rooted.tre	0.00184068	1.63002	0.2708333333333333
OG0004461.rooted.tre	0.00582662	3.66598	0.10416666666666667
OG0003744.rooted.tre	0.0059507	4.1159	0.16666666666666666
OG0002070.rooted.tre	0.00808186	2.20134	0.041666666666666664
OG0005846.rooted.tre	0.00214509	0.437541	0.08333333333333333
OG0003011.rooted.tre	0.0121966	1.53583	0.10416666666666667
OG0006511.rooted.tre	0.0252134	6.04554	0.10416666666666667
OG0006350.rooted.tre	0.00484253	1.53415	0.1875
OG0006678.rooted.tre	0.00462936	2.23095	0.0625
OG0006226.rooted.tre	0.159431	7.28606	0.020833333333333332
OG0005182.rooted.tre	0.00125955	0.385692	0.0
OG0002983.rooted.tre	0.000570407	0.766036	0.14583333333333334
OG0002131.rooted.tre	0.0272276	5.9334	0.16666666666666666
OG0001979.rooted.tre	0.00104104	0.752801	0.20833333333333334
OG0007119.rooted.tre	0.00134272	1.4714	0.10416666666666667
OG0002897.rooted.tre	0.104533	6.12153	0.0625
OG0004951.rooted.tre	0.00371277	1.79336	0.22916666666666666
OG0003936.rooted.tre	0.00606689	2.44988	0.1875
OG0005449.rooted.tre	0.00366275	1.6653	0.1875
OG0004655.rooted.tre	0.0340957	6.50535	0.22916666666666666
OG0005156.rooted.tre	0.00673631	1.69924	0.125
OG0002960.rooted.tre	0.0230488	4.48504	0.25
OG0004776.rooted.tre	0.0115169	1.57397	0.020833333333333332
OG0004014.rooted.tre	0.00275253	2.91821	0.2708333333333333
OG0005208.rooted.tre	0.0215046	3.38044	0.125
OG0008243.rooted.tre	0.302119	4.24152	0.0625
OG0005720.rooted.tre	0.0149	5.10375	0.1875
OG0004023.rooted.tre	0.00503996	2.59274	0.2916666666666667
OG0008009.rooted.tre	0.00891025	1.55308	0.14583333333333334
OG0005103.rooted.tre	0.00515171	3.863	0.20833333333333334
OG0002935.rooted.tre	0.00127115	0.817102	0.14583333333333334
OG0005349.rooted.tre	0.0332701	3.55042	0.25
OG0001541.rooted.tre	0.00227619	1.48617	0.14583333333333334
OG0006106.rooted.tre	0.021733	4.78619	0.16666666666666666
OG0008905.rooted.tre	0.004046	3.36537	0.08333333333333333
OG0007478.rooted.tre	0.00981193	4.92503	0.0625
OG0004596.rooted.tre	0.00497265	1.90686	0.14583333333333334
OG0004918.rooted.tre	0.00481134	3.3269	0.16666666666666666
OG0003353.rooted.tre	0.00792067	1.97646	0.08333333333333333
OG0007150.rooted.tre	0.000846206	0.598026	0.0625
OG0002450.rooted.tre	0.0208306	3.204	0.25
OG0002739.rooted.tre	0.0039696	1.06747	0.1875
OG0006025.rooted.tre	0.00038832	0.916838	0.10416666666666667
OG0007105.rooted.tre	0.00160174	2.83762	0.08333333333333333
OG0002678.rooted.tre	0.00173883	3.2874	0.2708333333333333
OG0007667.rooted.tre	0.00203695	1.1455	0.1875
OG0006153.rooted.tre	0.0167998	2.41931	0.0625
OG0003212.rooted.tre	0.00804807	4.09897	0.25
OG0007980.rooted.tre	0.0153091	4.76586	0.14583333333333334
OG0006047.rooted.tre	0.0112188	2.0676	0.08333333333333333
OG0004901.rooted.tre	0.0244018	3.97102	0.14583333333333334
OG0002075.rooted.tre	0.0160749	4.17327	0.3541666666666667
OG0002717.rooted.tre	0.0114828	3.08302	0.16666666666666666
OG0003162.rooted.tre	0.00155432	2.55377	0.4166666666666667
OG0007649.rooted.tre	0.00387597	0.963965	0.08333333333333333
OG0005902.rooted.tre	0.005746	1.0318	0.0625
OG0002017.rooted.tre	0.00127391	0.519975	0.020833333333333332
OG0000809.rooted.tre	0.00232826	1.93261	0.16666666666666666
OG0003041.rooted.tre	0.00266564	1.85451	0.25
OG0001897.rooted.tre	0.0748195	5.26153	0.125
OG0004364.rooted.tre	0.00292711	2.26805	0.125
OG0005211.rooted.tre	0.00373653	2.3153	0.16666666666666666
OG0000239.rooted.tre	0.0132554	2.12227	0.125
OG0005226.rooted.tre	0.0204471	1.45469	0.14583333333333334
OG0004247.rooted.tre	0.023424	3.85366	0.125
OG0001319.rooted.tre	0.010619	0.785692	0.020833333333333332
OG0006289.rooted.tre	0.00551635	1.93783	0.14583333333333334
OG0004570.rooted.tre	0.0384718	3.68055	0.125
OG0007827.rooted.tre	0.0206373	5.16152	0.0625
OG0004212.rooted.tre	0.0372288	4.79372	0.0
OG0000980.rooted.tre	0.000921396	2.19084	0.25
OG0008710.rooted.tre	0.0133412	3.64642	0.041666666666666664
OG0002223.rooted.tre	0.0173593	1.6785	0.14583333333333334
OG0004809.rooted.tre	0.0204353	4.32349	0.041666666666666664
OG0006508.rooted.tre	0.00467788	0.715562	0.08333333333333333
OG0006349.rooted.tre	0.0091393	2.24183	0.22916666666666666
OG0007155.rooted.tre	0.00320804	1.82616	0.020833333333333332
OG0003434.rooted.tre	0.00118479	0.492432	0.0625
OG0002628.rooted.tre	0.0403749	4.0632	0.125
OG0006892.rooted.tre	0.0399516	3.52855	0.10416666666666667
OG0003361.rooted.tre	0.0141518	3.67927	0.22916666666666666
OG0009499.rooted.tre	0.0020337	1.5657	0.10416666666666667
OG0003456.rooted.tre	0.118717	6.75696	0.14583333333333334
OG0003303.rooted.tre	0.029496	4.69166	0.2708333333333333
OG0006161.rooted.tre	0.00488569	3.64878	0.14583333333333334
OG0002846.rooted.tre	0.0379774	5.12067	0.3958333333333333
OG0007789.rooted.tre	0.0838857	6.51081	0.08333333333333333
OG0004650.rooted.tre	0.00224699	0.957234	0.08333333333333333
OG0009304.rooted.tre	0.00244594	1.17941	0.0625
OG0005631.rooted.tre	0.0219195	1.67419	0.10416666666666667
OG0004667.rooted.tre	0.000291658	0.643545	0.16666666666666666
OG0003872.rooted.tre	0.00906169	1.84636	0.22916666666666666
OG0006381.rooted.tre	0.03396	4.21139	0.125
OG0009038.rooted.tre	0.0309982	2.32782	0.10416666666666667
OG0004711.rooted.tre	0.00233652	1.15921	0.16666666666666666
OG0006979.rooted.tre	0.0070961	1.12331	0.0625
OG0002930.rooted.tre	0.00395019	1.33514	0.08333333333333333
OG0009668.rooted.tre	0.046485	5.05542	0.10416666666666667
OG0008235.rooted.tre	0.0302939	1.89161	0.08333333333333333
OG0008048.rooted.tre	0.00151434	1.40267	0.22916666666666666
OG0004737.rooted.tre	0.021261	4.99571	0.25
OG0004114.rooted.tre	0.00484694	1.32566	0.16666666666666666
OG0004369.rooted.tre	0.00373752	1.22112	0.14583333333333334
OG0001341.rooted.tre	0.0202444	2.19457	0.041666666666666664
OG0008416.rooted.tre	0.00301523	1.56443	0.0625
OG0004123.rooted.tre	0.00363254	1.22653	0.125
OG0005620.rooted.tre	0.00280309	1.16286	0.10416666666666667
OG0004762.rooted.tre	0.00502082	2.4979	0.14583333333333334
OG0001255.rooted.tre	0.0286996	4.23729	0.14583333333333334
OG0008780.rooted.tre	0.0406537	2.92741	0.020833333333333332
OG0006170.rooted.tre	0.00613677	3.21909	0.20833333333333334
OG0003447.rooted.tre	0.00709222	2.88814	0.4375
OG0004282.rooted.tre	0.0131072	1.77043	0.16666666666666666
OG0006219.rooted.tre	0.00538202	3.78275	0.0625
OG0003231.rooted.tre	0.010108	2.57121	0.14583333333333334
OG0002532.rooted.tre	0.00192921	1.59646	0.08333333333333333
OG0001696.rooted.tre	0.00107351	1.70089	0.125
OG0003370.rooted.tre	0.00218612	1.85937	0.22916666666666666
OG0000972.rooted.tre	0.0340953	2.21421	0.041666666666666664
OG0002232.rooted.tre	0.0182347	4.28778	0.20833333333333334
OG0004234.rooted.tre	0.0091616	1.69853	0.125
OG0004049.rooted.tre	0.00595659	1.2418	0.0625
OG0000755.rooted.tre	0.110634	2.56767	0.08333333333333333
OG0002829.rooted.tre	0.00936543	3.00197	0.125
OG0007915.rooted.tre	0.0450576	5.82544	0.1875
OG0003287.rooted.tre	0.00766595	2.38129	0.20833333333333334
OG0007922.rooted.tre	0.000204387	0.229747	0.020833333333333332
OG0004256.rooted.tre	0.00975255	2.96851	0.22916666666666666
OG0009548.rooted.tre	0.0732019	2.97949	0.020833333333333332
OG0004108.rooted.tre	0.000610518	2.11895	0.20833333333333334
OG0000176.rooted.tre	0.0185724	1.23163	0.041666666666666664
OG0005807.rooted.tre	0.00495741	1.81968	0.1875
OG0005196.rooted.tre	0.00511619	2.12474	0.25
OG0006567.rooted.tre	0.00498894	1.12882	0.08333333333333333
OG0007019.rooted.tre	0.011492	2.06232	0.10416666666666667
OG0005082.rooted.tre	0.00769909	2.19075	0.20833333333333334
OG0004781.rooted.tre	0.00424614	2.86779	0.22916666666666666
OG0003626.rooted.tre	0.00682817	1.2637	0.0625
OG0004945.rooted.tre	0.00385524	2.88551	0.2708333333333333
OG0011311.rooted.tre	0.0293288	3.07375	0.125
OG0010412.rooted.tre	0.0139629	5.39698	0.125
OG0005782.rooted.tre	0.00656415	1.50247	0.041666666666666664
OG0006373.rooted.tre	0.016326	4.49328	0.3333333333333333
OG0002884.rooted.tre	0.00511954	2.0211	0.1875
OG0006557.rooted.tre	0.0020959	2.95849	0.22916666666666666
OG0002990.rooted.tre	0.00465815	2.88043	0.14583333333333334
OG0004599.rooted.tre	0.00978376	8.09861	0.22916666666666666
OG0003409.rooted.tre	0.00278737	2.05911	0.22916666666666666
OG0000391.rooted.tre	0.000550032	1.22411	0.1875
OG0002583.rooted.tre	0.0284119	3.04922	0.08333333333333333
OG0009111.rooted.tre	0.00113287	1.15056	0.0
OG0000882.rooted.tre	0.022123	5.22897	0.14583333333333334
OG0008147.rooted.tre	0.0358932	3.32255	0.16666666666666666
OG0004551.rooted.tre	0.00411464	1.38994	0.16666666666666666
OG0007806.rooted.tre	0.0095365	3.11702	0.16666666666666666
OG0004233.rooted.tre	0.000836043	0.840283	0.125
OG0006867.rooted.tre	0.0217352	5.40254	0.125
OG0004566.rooted.tre	0.00162928	2.02107	0.22916666666666666
OG0001645.rooted.tre	0.0301418	3.86026	0.14583333333333334
OG0005446.rooted.tre	0.0242784	2.98716	0.10416666666666667
OG0001672.rooted.tre	0.0208994	2.49557	0.0625
OG0007697.rooted.tre	0.00407198	1.19331	0.08333333333333333
OG0006805.rooted.tre	0.034818	2.47204	0.16666666666666666
OG0008519.rooted.tre	0.0573667	3.65871	0.041666666666666664
OG0007388.rooted.tre	0.000938625	0.854795	0.041666666666666664
OG0000730.rooted.tre	0.00591738	3.96422	0.20833333333333334
OG0008693.rooted.tre	0.0223546	5.1279	0.10416666666666667
OG0002260.rooted.tre	0.00394052	1.70975	0.0625
OG0010174.rooted.tre	0.050289	4.28085	0.10416666666666667
OG0001691.rooted.tre	0.00146292	2.17715	0.20833333333333334
OG0002535.rooted.tre	0.0376116	1.50151	0.0625
OG0009084.rooted.tre	0.0505017	4.01862	0.020833333333333332
OG0007116.rooted.tre	0.00362837	1.83406	0.125
OG0008787.rooted.tre	0.00531443	1.7193	0.08333333333333333
OG0007643.rooted.tre	0.00476356	2.18741	0.25
OG0004285.rooted.tre	0.0141463	3.12568	0.125
OG0000856.rooted.tre	0.0260056	3.66896	0.14583333333333334
OG0005849.rooted.tre	0.0122169	4.58584	0.25
OG0001837.rooted.tre	0.0232929	2.0593	0.10416666666666667
OG0007057.rooted.tre	0.07034	4.39454	0.1875
OG0003668.rooted.tre	0.0108214	3.35992	0.2708333333333333
OG0006677.rooted.tre	0.022232	3.34564	0.0625
OG0002321.rooted.tre	0.0457652	3.35458	0.16666666666666666
OG0001718.rooted.tre	0.0256716	3.48648	0.125
OG0005766.rooted.tre	0.00933472	1.88316	0.20833333333333334
OG0002805.rooted.tre	0.00538979	1.75013	0.20833333333333334
OG0006397.rooted.tre	0.0529826	5.93137	0.14583333333333334
OG0006688.rooted.tre	0.0197519	3.22175	0.0625
OG0003970.rooted.tre	0.00335132	1.83136	0.14583333333333334
OG0002080.rooted.tre	0.00194398	0.958945	0.0
OG0004996.rooted.tre	0.00190174	1.43297	0.020833333333333332
OG0005733.rooted.tre	0.00210271	2.41606	0.1875
OG0005172.rooted.tre	0.0179503	1.95844	0.25
OG0001371.rooted.tre	0.00669437	3.67978	0.16666666666666666
OG0004113.rooted.tre	0.00139362	0.693449	0.125
OG0009312.rooted.tre	0.0110584	1.69951	0.14583333333333334
OG0005329.rooted.tre	0.00141104	0.834797	0.0625
OG0004348.rooted.tre	0.00203111	0.997584	0.125
OG0003092.rooted.tre	0.00576226	1.92165	0.22916666666666666
OG0002955.rooted.tre	0.0577111	2.17738	0.0
OG0005040.rooted.tre	0.00154088	1.55418	0.125
OG0005077.rooted.tre	0.0141582	1.92282	0.16666666666666666
OG0008337.rooted.tre	0.0335681	1.40405	0.08333333333333333
OG0005890.rooted.tre	0.000593881	0.646516	0.041666666666666664
OG0008214.rooted.tre	0.00748241	2.63427	0.020833333333333332
OG0001216.rooted.tre	0.0052575	1.77249	0.08333333333333333
OG0005015.rooted.tre	0.00498937	1.31659	0.125
OG0003679.rooted.tre	0.0455177	4.20669	0.08333333333333333
OG0003404.rooted.tre	0.00203083	1.36695	0.14583333333333334
OG0002307.rooted.tre	0.00162755	0.940805	0.0625
OG0002059.rooted.tre	0.00978653	2.7791	0.1875
OG0002546.rooted.tre	0.00181934	2.58714	0.22916666666666666
OG0003527.rooted.tre	0.0275743	3.24993	0.2708333333333333
OG0007130.rooted.tre	0.0417627	5.12464	0.10416666666666667
OG0009904.rooted.tre	0.00525613	1.32048	0.0625
OG0007896.rooted.tre	0.0074639	0.781629	0.0
OG0008846.rooted.tre	0.0304821	5.0924	0.08333333333333333
OG0006238.rooted.tre	0.000759374	1.54814	0.125
OG0007024.rooted.tre	0.0033422	0.93165	0.08333333333333333
OG0002271.rooted.tre	0.00550245	3.15986	0.1875
OG0008020.rooted.tre	0.00585962	2.14835	0.16666666666666666
OG0004768.rooted.tre	0.0281682	2.94255	0.1875
OG0005574.rooted.tre	0.00340082	1.82514	0.16666666666666666
OG0006823.rooted.tre	0.00297487	1.33073	0.125
OG0004277.rooted.tre	0.00591879	1.19443	0.10416666666666667
OG0006814.rooted.tre	0.179162	3.58289	0.041666666666666664
OG0007686.rooted.tre	0.00417919	1.99424	0.041666666666666664
OG0001022.rooted.tre	0.000384689	1.20465	0.14583333333333334
OG0003928.rooted.tre	0.0461	2.50737	0.0625
OG0004363.rooted.tre	0.00536448	1.5764	0.1875
OG0005460.rooted.tre	0.00682924	1.62675	0.125
OG0005335.rooted.tre	0.00839168	1.56983	0.125
OG0004436.rooted.tre	0.00501883	2.07488	0.25
OG0004577.rooted.tre	0.0505894	4.89099	0.14583333333333334
OG0006685.rooted.tre	0.00975036	1.99007	0.0625
OG0007817.rooted.tre	0.00455581	2.30663	0.125
OG0006962.rooted.tre	0.0276556	3.7113	0.10416666666666667
OG0005435.rooted.tre	0.0161611	1.84809	0.14583333333333334
OG0009100.rooted.tre	0.00609821	2.17966	0.10416666666666667
OG0003982.rooted.tre	0.0323727	2.44062	0.0625
OG0007210.rooted.tre	0.175395	6.1889	0.10416666666666667
OG0003746.rooted.tre	0.00488518	1.80796	0.16666666666666666
OG0002981.rooted.tre	0.00370853	3.32895	0.16666666666666666
OG0006213.rooted.tre	0.00206092	1.00112	0.10416666666666667
OG0002027.rooted.tre	0.0127844	2.02066	0.020833333333333332
OG0002538.rooted.tre	0.00490876	0.880451	0.0
OG0006307.rooted.tre	0.00921843	1.24824	0.16666666666666666
OG0004964.rooted.tre	0.0148404	3.75111	0.14583333333333334
OG0003152.rooted.tre	0.0101619	2.86317	0.08333333333333333
OG0005094.rooted.tre	0.0554274	2.97814	0.041666666666666664
OG0004288.rooted.tre	0.013007	1.89964	0.20833333333333334
OG0008816.rooted.tre	0.019707	1.0547	0.08333333333333333
OG0006777.rooted.tre	0.0176227	3.43301	0.041666666666666664
OG0005699.rooted.tre	0.0162108	2.42923	0.16666666666666666
OG0004928.rooted.tre	0.0426587	3.14304	0.20833333333333334
OG0006101.rooted.tre	0.0537729	3.71777	0.020833333333333332
OG0006136.rooted.tre	0.0434693	3.51983	0.125
OG0008935.rooted.tre	0.00298501	0.562497	0.041666666666666664
OG0006429.rooted.tre	0.00499551	3.16378	0.14583333333333334
OG0001841.rooted.tre	0.000810463	0.480465	0.020833333333333332
OG0003215.rooted.tre	0.123475	4.29386	0.020833333333333332
OG0002274.rooted.tre	0.0857894	4.81744	0.14583333333333334
OG0008843.rooted.tre	0.219341	6.09104	0.125
OG0000499.rooted.tre	0.00501751	1.21867	0.0625
OG0002243.rooted.tre	0.0368006	1.49861	0.020833333333333332
OG0007657.rooted.tre	0.0017991	1.45224	0.10416666666666667
OG0006154.rooted.tre	0.00593911	3.38695	0.16666666666666666
OG0007348.rooted.tre	0.00284297	0.871984	0.041666666666666664
OG0003454.rooted.tre	0.000481874	0.560547	0.125
OG0004771.rooted.tre	0.0321266	4.0765	0.08333333333333333
OG0003825.rooted.tre	0.0051006	3.2524	0.2708333333333333
OG0005072.rooted.tre	0.000258805	0.56828	0.020833333333333332
OG0005727.rooted.tre	0.0336777	5.91246	0.20833333333333334
OG0004418.rooted.tre	0.0480947	2.07161	0.020833333333333332
OG0004896.rooted.tre	0.0239751	6.66335	0.375
OG0001407.rooted.tre	0.00223913	1.16827	0.14583333333333334
OG0005633.rooted.tre	0.00936781	2.27687	0.14583333333333334
OG0004652.rooted.tre	0.23011	5.94261	0.041666666666666664
OG0007839.rooted.tre	0.00347062	0.851001	0.0
OG0002811.rooted.tre	0.00598773	0.929477	0.125
OG0006383.rooted.tre	0.016881	4.44739	0.08333333333333333
OG0004165.rooted.tre	0.0062564	2.20341	0.25
OG0004318.rooted.tre	0.00407151	5.68779	0.16666666666666666
OG0003288.rooted.tre	0.00306653	3.43662	0.2708333333333333
OG0002601.rooted.tre	0.00731833	2.56224	0.2708333333333333
OG0006402.rooted.tre	0.00298302	1.02843	0.0
OG0006521.rooted.tre	0.00203606	2.53732	0.08333333333333333
OG0003016.rooted.tre	0.00217848	1.58209	0.125
OG0003774.rooted.tre	0.0138566	3.35184	0.22916666666666666
OG0007068.rooted.tre	0.000905733	0.459912	0.041666666666666664
OG0006148.rooted.tre	0.024687	1.95859	0.16666666666666666
OG0003160.rooted.tre	0.00728304	1.58062	0.16666666666666666
OG0002740.rooted.tre	0.0300509	3.66338	0.2916666666666667
OG0007522.rooted.tre	0.000918332	1.1945	0.08333333333333333
OG0007515.rooted.tre	0.101145	2.89305	0.0625
OG0006709.rooted.tre	0.279388	6.00028	0.14583333333333334
OG0006216.rooted.tre	0.0163459	2.53138	0.0625
OG0007277.rooted.tre	0.00492207	2.91044	0.0625
OG0006094.rooted.tre	0.0076949	2.27889	0.16666666666666666
OG0001895.rooted.tre	0.00200362	1.71468	0.041666666666666664
OG0004404.rooted.tre	0.00163751	1.47776	0.16666666666666666
OG0006811.rooted.tre	0.0287464	4.47199	0.0625
OG0005059.rooted.tre	0.118805	4.67253	0.041666666666666664
OG0008770.rooted.tre	0.01105	2.19825	0.10416666666666667
OG0005224.rooted.tre	0.0125612	3.46773	0.3125
OG0004038.rooted.tre	0.0770965	2.24908	0.10416666666666667
OG0005571.rooted.tre	0.00896956	1.42101	0.2916666666666667
OG0008606.rooted.tre	0.00537103	2.28121	0.0
OG0008319.rooted.tre	0.0149591	1.21801	0.020833333333333332
OG0005759.rooted.tre	0.00102627	1.25453	0.10416666666666667
OG0007812.rooted.tre	0.0373573	2.67869	0.041666666666666664
OG0006680.rooted.tre	0.00531907	1.1274	0.0625
OG0001727.rooted.tre	0.00666985	1.47708	0.0
OG0004210.rooted.tre	0.0131075	2.72563	0.0625
OG0005271.rooted.tre	0.00705347	3.09845	0.16666666666666666
OG0002492.rooted.tre	0.000944902	1.20264	0.125
OG0005748.rooted.tre	0.0497453	4.65648	0.041666666666666664
OG0006691.rooted.tre	0.127186	7.3355	0.10416666666666667
OG0005421.rooted.tre	0.0064052	1.75285	0.10416666666666667
OG0006785.rooted.tre	0.00476696	4.88582	0.08333333333333333
OG0004263.rooted.tre	0.000643278	0.331519	0.020833333333333332
OG0005609.rooted.tre	0.0524082	8.96153	0.1875
OG0005321.rooted.tre	0.00995995	3.75561	0.22916666666666666
OG0002286.rooted.tre	0.0189689	2.13669	0.0625
OG0007299.rooted.tre	0.00149526	2.48723	0.125
OG0003585.rooted.tre	0.0546337	5.58028	0.16666666666666666
OG0006207.rooted.tre	0.00234921	1.88843	0.125
OG0003218.rooted.tre	0.000166761	0.860472	0.16666666666666666
OG0002110.rooted.tre	0.00460302	2.57088	0.20833333333333334
OG0002881.rooted.tre	0.000128057	0.300865	0.020833333333333332
OG0003624.rooted.tre	0.000553682	1.07337	0.125
OG0007427.rooted.tre	0.0218046	5.38305	0.0625
OG0004970.rooted.tre	0.00328506	2.66786	0.10416666666666667
OG0003146.rooted.tre	0.0197423	5.84784	0.3333333333333333
OG0003518.rooted.tre	0.000786555	0.390811	0.0625
OG0003996.rooted.tre	0.00283526	1.42146	0.14583333333333334
OG0006265.rooted.tre	0.0132488	3.23549	0.0625
OG0003752.rooted.tre	0.00112654	0.992484	0.020833333333333332
OG0002733.rooted.tre	0.00190376	1.07982	0.125
OG0007233.rooted.tre	0.000365644	0.28777	0.020833333333333332
OG0007327.rooted.tre	0.00495799	1.26937	0.020833333333333332
OG0002627.rooted.tre	0.0143527	3.12362	0.10416666666666667
OG0005973.rooted.tre	0.0239701	2.83376	0.20833333333333334
OG0003975.rooted.tre	0.00167989	1.09272	0.041666666666666664
OG0008314.rooted.tre	0.0699598	4.29173	0.041666666666666664
OG0005884.rooted.tre	0.0048889	2.42523	0.125
OG0004735.rooted.tre	0.000604276	0.775723	0.16666666666666666
OG0005763.rooted.tre	0.00191726	0.526098	0.0
OG0001898.rooted.tre	0.00136587	1.32248	0.20833333333333334
OG0004116.rooted.tre	0.0057924	2.91435	0.22916666666666666
OG0004887.rooted.tre	0.0396184	3.09995	0.10416666666666667
OG0002691.rooted.tre	0.199128	1.96595	0.0625
OG0007391.rooted.tre	0.017466	1.62202	0.020833333333333332
OG0002855.rooted.tre	0.0523175	3.41733	0.041666666666666664
OG0007671.rooted.tre	0.022292	3.0144	0.020833333333333332
OG0000925.rooted.tre	0.017277	2.97626	0.14583333333333334
OG0008782.rooted.tre	0.00584649	2.08942	0.125
OG0003310.rooted.tre	0.0894903	3.21427	0.0625
OG0004394.rooted.tre	0.0658946	3.41492	0.125
OG0006127.rooted.tre	0.00583707	3.09747	0.08333333333333333
OG0009945.rooted.tre	0.00849781	2.96358	0.08333333333333333
OG0010671.rooted.tre	0.00772291	0.816551	0.041666666666666664
OG0002552.rooted.tre	0.00276468	1.74566	0.10416666666666667
OG0006995.rooted.tre	0.0279833	1.96071	0.020833333333333332
